------------------------------
Cunningham Chains of Length 1
------------------------------
  1                    7  1
  2                   13  2
  3                   17  2
  4                   19  2
  5                   31  2
  6                   37  2
  7                   43  2
  8                   47  2
  9                   59  2
 10                   61  2
 11                   67  2
 12                   71  2
 13                   73  2
 14                   79  2
 15                   97  2
 16                  101  3
 17                  103  3
 18                  107  3
 19                  109  3
 20                  127  3
 21                  137  3
 22                  139  3
 23                  149  3
 24                  151  3
 25                  157  3
 26                  163  3
 27                  167  3
 28                  181  3
 29                  193  3
 30                  197  3
 31                  199  3
 32                  211  3
 33                  223  3
 34                  227  3
 35                  229  3
 36                  241  3
 37                  257  3
 38                  263  3
 39                  269  3
 40                  271  3
 41                  277  3
 42                  283  3
 43                  307  3
 44                  311  3
 45                  313  3
 46                  317  3
 47                  331  3
 48                  337  3
 49                  347  3
 50                  349  3
 51                  353  3
 52                  367  3
 53                  373  3
 54                  379  3
 55                  383  3
 56                  389  3
 57                  397  3
 58                  401  3
 59                  409  3
 60                  421  3
 61                  433  3
 62                  439  3
 63                  449  3
 64                  457  3
 65                  461  3
 66                  463  3
 67                  467  3
 68                  479  3
 69                  487  3
 70                  499  3
 71                  503  3
 72                  521  3
 73                  523  3
 74                  541  3
 75                  547  3
 76                  557  3
 77                  563  3
 78                  569  3
 79                  571  3
 80                  577  3
 81                  587  3
 82                  599  3
 83                  601  3
 84                  607  3
 85                  613  3
 86                  617  3
 87                  619  3
 88                  631  3
 89                  643  3
 90                  647  3
 91                  661  3
 92                  673  3
 93                  677  3
 94                  691  3
 95                  701  3
 96                  709  3
 97                  727  3
 98                  733  3
 99                  739  3
100                  751  3
------------------------------
Cunningham Chains of Length 2
------------------------------
  1                    3  1
  2                   23  2
  3                   29  2
  4                   53  2
  5                   83  2
  6                  113  3
  7                  131  3
  8                  173  3
  9                  191  3
 10                  233  3
 11                  239  3
 12                  251  3
 13                  281  3
 14                  293  3
 15                  419  3
 16                  431  3
 17                  443  3
 18                  491  3
 19                  593  3
 20                  641  3
 21                  653  3
 22                  659  3
 23                  683  3
 24                  743  3
 25                  761  3
 26                  809  3
 27                  911  3
 28                  953  3
 29                 1013  4
 30                 1049  4
 31                 1103  4
 32                 1223  4
 33                 1289  4
 34                 1439  4
 35                 1499  4
 36                 1559  4
 37                 1583  4
 38                 1601  4
 39                 1733  4
 40                 1973  4
 41                 2003  4
 42                 2039  4
 43                 2063  4
 44                 2069  4
 45                 2129  4
 46                 2141  4
 47                 2273  4
 48                 2339  4
 49                 2351  4
 50                 2393  4
 51                 2399  4
 52                 2543  4
 53                 2549  4
 54                 2693  4
 55                 2741  4
 56                 2753  4
 57                 2903  4
 58                 2939  4
 59                 2963  4
 60                 2969  4
 61                 3023  4
 62                 3299  4
 63                 3329  4
 64                 3359  4
 65                 3389  4
 66                 3413  4
 67                 3593  4
 68                 3623  4
 69                 3761  4
 70                 3779  4
 71                 3803  4
 72                 3851  4
 73                 3863  4
 74                 4019  4
 75                 4073  4
 76                 4211  4
 77                 4271  4
 78                 4349  4
 79                 4373  4
 80                 4391  4
 81                 4409  4
 82                 4481  4
 83                 4733  4
 84                 4793  4
 85                 4871  4
 86                 4919  4
 87                 4943  4
 88                 5003  4
 89                 5039  4
 90                 5051  4
 91                 5171  4
 92                 5231  4
 93                 5279  4
 94                 5303  4
 95                 5333  4
 96                 5501  4
 97                 5639  4
 98                 5711  4
 99                 5741  4
100                 5903  4
------------------------------
Cunningham Chains of Length 3
------------------------------
  1                   11  2
  2                   41  2
  3                  719  3
  4                 1019  4
  5                 1031  4
  6                 1451  4
  7                 1481  4
  8                 1511  4
  9                 1811  4
 10                 1889  4
 11                 1901  4
 12                 1931  4
 13                 2459  4
 14                 2819  4
 15                 3449  4
 16                 3491  4
 17                 3821  4
 18                 3911  4
 19                 5081  4
 20                 5399  4
 21                 5441  4
 22                 5849  4
 23                 6101  4
 24                 6131  4
 25                 7079  4
 26                 7151  4
 27                 7349  4
 28                 7901  4
 29                 8969  4
 30                 9221  4
 31                10691  5
 32                10709  5
 33                11171  5
 34                11471  5
 35                11801  5
 36                12101  5
 37                12821  5
 38                12899  5
 39                12959  5
 40                13229  5
 41                14009  5
 42                14249  5
 43                14321  5
 44                14669  5
 45                14741  5
 46                15161  5
 47                16001  5
 48                16421  5
 49                16811  5
 50                18041  5
 51                18191  5
 52                18461  5
 53                19319  5
 54                19991  5
 55                20411  5
 56                21011  5
 57                21179  5
 58                22271  5
 59                23099  5
 60                23321  5
 61                23819  5
 62                24239  5
 63                24281  5
 64                24551  5
 65                24749  5
 66                25601  5
 67                29531  5
 68                30851  5
 69                32381  5
 70                32531  5
 71                33479  5
 72                33521  5
 73                33749  5
 74                34319  5
 75                35999  5
 76                36251  5
 77                36629  5
 78                36761  5
 79                37049  5
 80                37181  5
 81                37379  5
 82                37991  5
 83                39419  5
 84                39779  5
 85                41381  5
 86                41621  5
 87                41669  5
 88                41729  5
 89                41969  5
 90                42131  5
 91                42221  5
 92                42611  5
 93                43691  5
 94                44699  5
 95                44879  5
 96                45569  5
 97                46181  5
 98                46619  5
 99                48221  5
100                48761  5
------------------------------
Cunningham Chains of Length 4
------------------------------
  1                    5  1
  2                  359  3
  3                  509  3
  4                 1229  4
  5                 1409  4
  6                 2699  4
  7                 3539  4
  8                 6449  4
  9                10589  5
 10                11549  5
 11                11909  5
 12                12119  5
 13                17159  5
 14                19709  5
 15                19889  5
 16                22349  5
 17                26189  5
 18                27479  5
 19                30389  5
 20                43649  5
 21                55229  5
 22                57839  5
 23                60149  5
 24                71399  5
 25                74699  5
 26                75329  5
 27                82499  5
 28                87539  5
 29                98369  5
 30               101399  6
 31               104369  6
 32               107279  6
 33               107699  6
 34               112919  6
 35               122099  6
 36               122819  6
 37               133499  6
 38               139439  6
 39               148829  6
 40               166739  6
 41               167759  6
 42               175349  6
 43               189929  6
 44               196769  6
 45               210209  6
 46               227789  6
 47               229739  6
 48               232409  6
 49               234029  6
 50               235289  6
 51               238109  6
 52               244589  6
 53               253349  6
 54               253679  6
 55               255149  6
 56               257249  6
 57               266369  6
 58               279269  6
 59               287219  6
 60               287849  6
 61               299969  6
 62               314339  6
 63               321449  6
 64               330329  6
 65               334289  6
 66               335459  6
 67               372299  6
 68               395189  6
 69               396239  6
 70               412739  6
 71               413009  6
 72               430649  6
 73               433319  6
 74               449129  6
 75               452009  6
 76               458729  6
 77               471749  6
 78               480059  6
 79               480209  6
 80               500729  6
 81               503969  6
 82               508559  6
 83               511859  6
 84               528509  6
 85               536099  6
 86               538019  6
 87               541529  6
 88               577169  6
 89               579539  6
 90               579569  6
 91               588509  6
 92               592199  6
 93               601949  6
 94               610409  6
 95               639959  6
 96               641969  6
 97               643949  6
 98               655289  6
 99               661889  6
100               675539  6
------------------------------
Cunningham Chains of Length 5
------------------------------
  1                    2  1
  2                  179  3
  3                53639  5
  4                53849  5
  5                61409  5
  6                66749  5
  7               126839  6
  8               143609  6
  9               167729  6
 10               186149  6
 11               206369  6
 12               254279  6
 13               268049  6
 14               296099  6
 15               340919  6
 16               422069  6
 17               446609  6
 18               539009  6
 19               594449  6
 20               607319  6
 21               658349  6
 22               671249  6
 23               725009  6
 24               775949  6
 25               810539  6
 26               812849  6
 27               819509  6
 28               926669  6
 29              1008209  7
 30              1092089  7
 31              1132949  7
 32              1271849  7
 33              1496669  7
 34              1621619  7
 35              1820999  7
 36              1866239  7
 37              1912679  7
 38              1920959  7
 39              1931669  7
 40              1969949  7
 41              2045339  7
 42              2073089  7
 43              2138399  7
 44              2157899  7
 45              2243789  7
 46              2278079  7
 47              2357219  7
 48              2464109  7
 49              2542049  7
 50              2605769  7
 51              2625929  7
 52              2667779  7
 53              2668769  7
 54              2725529  7
 55              2860829  7
 56              2865839  7
 57              2972639  7
 58              2992859  7
 59              3067139  7
 60              3182849  7
 61              3197399  7
 62              3218009  7
 63              3225149  7
 64              3394229  7
 65              3443339  7
 66              3471389  7
 67              3591569  7
 68              3612179  7
 69              3624059  7
 70              3634619  7
 71              3674249  7
 72              3796739  7
 73              3830969  7
 74              3916499  7
 75              3989159  7
 76              4304039  7
 77              4331009  7
 78              4382429  7
 79              4394639  7
 80              4477769  7
 81              4488689  7
 82              4490639  7
 83              4556999  7
 84              4641209  7
 85              4690709  7
 86              4877429  7
 87              4899029  7
 88              4907159  7
 89              5059679  7
 90              5212139  7
 91              5427629  7
 92              5608409  7
 93              5697899  7
 94              5811419  7
 95              5843429  7
 96              5878709  7
 97              6110129  7
 98              6139979  7
 99              6267119  7
100              6308369  7
------------------------------
Cunningham Chains of Length 6
------------------------------
  1                   89  2
  2                63419  5
  3               127139  6
  4               405269  6
  5               810809  6
  6              1069199  7
  7              1178609  7
  8              1333889  7
  9              1598699  7
 10              1806089  7
 11              1958249  7
 12              2245319  7
 13              2606069  7
 14              2848949  7
 15              3241289  7
 16              3339989  7
 17              3784199  7
 18              3962039  7
 19              4088879  7
 20              4328459  7
 21              4444829  7
 22              4658939  7
 23              4664249  7
 24              4894889  7
 25              4897709  7
 26              5132999  7
 27              5215499  7
 28              5238179  7
 29              6026309  7
 30              6059519  7
 31              6088529  7
 32              6490769  7
 33              6676259  7
 34              6732989  7
 35              7130489  7
 36              7265369  7
 37              7697639  7
 38              8246369  7
 39              8354789  7
 40              9169109  7
 41              9472829  7
 42              9829229  7
 43             10150529  8
 44             10203269  8
 45             11400899  8
 46             11624429  8
 47             12371039  8
 48             12532469  8
 49             13953449  8
 50             13969079  8
 51             14392289  8
 52             14444819  8
 53             15682679  8
 54             16595879  8
 55             17509529  8
 56             17695109  8
 57             17819099  8
 58             17886689  8
 59             18158639  8
 60             18815669  8
 61             18900419  8
 62             19444259  8
 63             19492289  8
 64             20515619  8
 65             20619779  8
 66             21254729  8
 67             21436169  8
 68             21595859  8
 69             22121579  8
 70             22181339  8
 71             22402469  8
 72             23683529  8
 73             23781539  8
 74             24629399  8
 75             27205289  8
 76             27919019  8
 77             28060619  8
 78             28204439  8
 79             28291079  8
 80             29065139  8
 81             29393159  8
 82             29648579  8
 83             29702489  8
 84             31122989  8
 85             32494859  8
 86             33759179  8
 87             34725989  8
 88             35467409  8
 89             36407009  8
 90             40158719  8
 91             40210679  8
 92             40381109  8
 93             41464259  8
 94             46207319  8
 95             48139769  8
 96             48303089  8
 97             48352259  8
 98             48425249  8
 99             50030069  8
100             53746769  8
------------------------------
Cunningham Chains of Length 7
------------------------------
  1              1122659  7
  2              2164229  7
  3              2329469  7
  4             10257809  8
  5             10309889  8
  6             12314699  8
  7             14030309  8
  8             14145539  8
  9             23103659  8
 10             24176129  8
 11             28843649  8
 12             37088729  8
 13             38199839  8
 14             42389519  8
 15             49160099  8
 16             50785439  8
 17             62800169  8
 18             68718059  8
 19             88174049  8
 20             95831189  8
 21            105109139  9
 22            105388169  9
 23            121255889  9
 24            138140729  9
 25            155439419  9
 26            159938459  9
 27            173285999  9
 28            183561929  9
 29            189417209  9
 30            190164809  9
 31            190506059  9
 32            203585279  9
 33            210370739  9
 34            214215299  9
 35            218357729  9
 36            225147809  9
 37            235426049  9
 38            237872339  9
 39            243730169  9
 40            250616189  9
 41            261879179  9
 42            285711869  9
 43            290332109  9
 44            303054029  9
 45            316790759  9
 46            321073349  9
 47            322343699  9
 48            331211129  9
 49            341740439  9
 50            343459079  9
 51            346901309  9
 52            350762939  9
 53            355215719  9
 54            366432749  9
 55            385315439  9
 56            385715909  9
 57            404941679  9
 58            406465049  9
 59            436006559  9
 60            443890439  9
 61            445940639  9
 62            452732279  9
 63            454867559  9
 64            469234589  9
 65            484482989  9
 66            495496409  9
 67            503211389  9
 68            508663979  9
 69            510435179  9
 70            529897499  9
 71            588131129  9
 72            641663549  9
 73            665141159  9
 74            688638059  9
 75            691851929  9
 76            696922049  9
 77            700985039  9
 78            732294929  9
 79            762153989  9
 80            781430759  9
 81            785152349  9
 82            793918319  9
 83            811457789  9
 84            835440869  9
 85            868439639  9
 86            911723339  9
 87            930063269  9
 88            945751979  9
 89            948236699  9
 90            948674459  9
 91            964578449  9
 92            992567399  9
 93           1017581429 10
 94           1025754029 10
 95           1038991979 10
 96           1046586449 10
 97           1061264909 10
 98           1063243199 10
 99           1086038099 10
100           1115363729 10
------------------------------
Cunningham Chains of Length 8
------------------------------
  1             19099919  8
  2             52554569  8
  3            171729539  9
  4            226366139  9
  5            344319029  9
  6            396959159  9
  7            474118349  9
  8            574964129  9
  9            610385159  9
 10            685066979  9
 11            764406059  9
 12           1085182229 10
 13           1126004219 10
 14           1195651139 10
 15           1372213439 10
 16           1484454269 10
 17           1573750049 10
 18           2270291519 10
 19           2365144079 10
 20           2462316539 10
 21           2661819029 10
 22           2902031729 10
 23           3176388269 10
 24           3505717049 10
 25           3935196059 10
 26           4358316029 10
 27           4380412259 10
 28           4665689009 10
 29           4800051479 10
 30           4929128909 10
 31           5097165569 10
 32           5436219359 10
 33           5683154489 10
 34           5935760249 10
 35           6268751789 10
 36           6366454799 10
 37           6615645719 10
 38           7241288339 10
 39           7893102359 10
 40           7909239209 10
 41           8024457299 10
 42           8558554709 10
 43           8797712069 10
 44           9228148229 10
 45           9254532719 10
 46           9521025359 10
 47           9799184519 10
 48          10381729139 11
 49          10527718499 11
 50          10769116469 11
 51          10852826009 11
 52          11008549619 11
 53          11565893639 11
 54          11626139669 11
 55          11751580349 11
 56          12400122569 11
 57          12594374519 11
 58          12602562389 11
 59          13103620529 11
 60          13559552579 11
 61          13903565939 11
 62          13989808559 11
 63          14065668059 11
 64          14089073129 11
 65          14213136809 11
 66          14387956949 11
 67          14451648509 11
 68          14536009469 11
 69          14776966229 11
 70          14839925939 11
 71          14902973339 11
 72          15179072039 11
 73          15213772859 11
 74          15414953399 11
 75          15467462999 11
 76          15511818299 11
 77          15766485569 11
 78          16305236729 11
 79          17587081229 11
 80          19086606839 11
 81          19171471619 11
 82          19209256289 11
 83          19746166949 11
 84          19958121899 11
 85          20126921099 11
 86          20297261819 11
 87          20392743359 11
 88          20528781419 11
 89          20756623799 11
 90          21265119329 11
 91          21545827799 11
 92          21614057849 11
 93          22290344759 11
 94          22882227479 11
 95          23654780819 11
 96          23814426899 11
 97          24153524849 11
 98          24689029199 11
 99          24820159649 11
100          24852016529 11
------------------------------
Cunningham Chains of Length 9
------------------------------
  1             85864769  8
  2            198479579  9
  3            305192579  9
  4           2400025739 10
  5           7606886429 10
  6           7755909149 10
  7          10378311899 11
  8          16744125509 11
  9          17029114499 11
 10          17117793089 11
 11          17574340739 11
 12          28889527679 11
 13          43390196519 11
 14          45424068359 11
 15          52179617159 11
 16          54293956289 11
 17          56838102179 11
 18          66655116659 11
 19          79929642209 11
 20          81973101629 11
 21          93060105269 11
 22          97897041659 11
 23         110361035069 12
 24         111179711039 12
 25         118403690789 12
 26         120709081019 12
 27         122383459769 12
 28         128543327309 12
 29         131278307159 12
 30         131875098059 12
 31         142932386609 12
 32         157836272879 12
 33         175839579299 12
 34         190128591179 12
 35         196515584099 12
 36         202517277689 12
 37         213006573779 12
 38         235117849229 12
 39         250606935569 12
 40         260559395669 12
 41         276089790659 12
 42         278780338979 12
 43         306855109859 12
 44         316592176889 12
 45         334127524589 12
 46         348122642999 12
 47         358020752759 12
 48         360007511819 12
 49         367216061609 12
 50         367957656329 12
 51         375544384049 12
 52         393659548679 12
 53         399254229659 12
 54         413450371619 12
 55         415777632689 12
 56         434146086659 12
 57         438501102029 12
 58         443971027169 12
 59         444016147829 12
 60         445103986469 12
 61         460274438339 12
 62         462457932509 12
 63         467399157059 12
 64         475808537489 12
 65         476861564849 12
 66         485830324979 12
 67         489267771719 12
 68         492643518509 12
 69         497530308659 12
 70         500353749149 12
 71         538777867319 12
 72         540798557969 12
 73         556648920389 12
 74         571245812699 12
 75         571748725679 12
 76         572552507099 12
 77         574146648329 12
 78         579276165599 12
 79         590627764739 12
 80         608167309619 12
 81         635552252039 12
 82         662053194329 12
 83         669666418409 12
 84         672802462859 12
 85         697465789439 12
 86         744679430879 12
 87         761666252489 12
 88         781677551909 12
 89         788210209799 12
 90         808767770669 12
 91         822712658459 12
 92         832433678339 12
 93         903003240809 12
 94         914948679899 12
 95         921670695089 12
 96         923672110349 12
 97         952514740319 12
 98         968545735169 12
 99         985998048419 12
100         988854703409 12
------------------------------
Cunningham Chains of Length 10
------------------------------
  1          26089808579 11
  2          65639153579 11
  3         372339715439 12
  4         551652886619 12
  5         570901515029 12
  6         624758088239 12
  7         721438465439 12
  8        1243541923469 13
  9        1330086162239 13
 10        1341807015119 13
 11        2027840556719 13
 12        2218753113719 13
 13        2452499778299 13
 14        2486906850119 13
 15        2834226458909 13
 16        3495773443139 13
 17        3717568843559 13
 18        3919801172429 13
 19        4228633787069 13
 20        4315740820379 13
 21        4389398045009 13
 22        4709436287819 13
 23        5496251895419 13
 24        7623279613949 13
 25        8838316190549 13
 26        9505936294139 13
 27       10426999457159 14
 28       10772441777789 14
 29       11302644104729 14
 30       11707877151959 14
 31       11708681148449 14
 32       11972892193679 14
 33       12609972512279 14
 34       12848088140579 14
 35       13386666065189 14
 36       13882835304029 14
 37       13989859828229 14
 38       14323581832559 14
 39       14500669167269 14
 40       15641742059789 14
 41       15659189070359 14
 42       15691843754729 14
 43       15813479035199 14
 44       15895760068319 14
 45       15940867526429 14
 46       16970999277209 14
 47       17071617771779 14
 48       17157972539399 14
 49       17893428384809 14
 50       18039175669349 14
 51       18818895033509 14
 52       19474796532179 14
 53       19569217251869 14
 54       20520567857789 14
 55       20529464949839 14
 56       21558623508839 14
 57       21809654194019 14
 58       22926634745849 14
 59       23082002534579 14
 60       23402453476379 14
 61       24459838671839 14
 62       25579616110619 14
 63       26233376852099 14
 64       26434455817769 14
 65       26795072755439 14
 66       27366140741939 14
 67       27760874521379 14
 68       28192373727209 14
 69       28527868857179 14
 70       28765387228709 14
 71       28806256783589 14
 72       29128869357719 14
 73       29493942670169 14
 74       29651287321919 14
 75       29939865347369 14
 76       31165778101589 14
 77       32745153140699 14
 78       32938312995719 14
 79       33766333308839 14
 80       33891724443719 14
 81       35057265942269 14
 82       35524924331159 14
 83       35533935350759 14
 84       37107231168149 14
 85       37352394691589 14
 86       38080040230649 14
 87       38219664881969 14
 88       38436288228029 14
 89       38579202626249 14
 90       40333519006769 14
 91       42013193856479 14
 92       42322657258859 14
 93       42604905773429 14
 94       42917785758539 14
 95       42971319735629 14
 96       43287436830329 14
 97       43635692538569 14
 98       45006091288289 14
 99       45757419940649 14
100       46295285476439 14
------------------------------
Cunningham Chains of Length 11
------------------------------
  1         665043081119 12
  2        1109376556859 13
  3        5213499728579 13
  4        6424044070289 13
  5       12789808055309 14
  6       13683070370969 14
  7       14825643660959 14
  8       24261403126949 14
  9       34574535515519 14
 10       38439335052689 14
 11       41635511926139 14
 12       57474634816169 14
 13       68206735645619 14
 14       73444017629399 14
 15       77185258070909 14
 16       79844253583379 14
 17       81769289595839 14
 18       82368446701529 14
 19      108677899662749 15
 20      168528653381219 15
 21      168784033605329 15
 22      208747015474139 15
 23      212838374931599 15
 24      216096349759289 15
 25      280532613735659 15
 26      293978400843269 15
 27      308425236607619 15
 28      321470231639699 15
 29      425954304603959 15
 30      430353794467739 15
 31      444858488963459 15
 32      498277930318739 15
 33      504878377657499 15
 34      522232645983179 15
 35      557068159980749 15
 36      558897901376099 15
 37      585811145840909 15
 38      611213161631489 15
 39      619664367310559 15
 40      621237383130209 15
 41      621732309798599 15
 42      626041390102259 15
 43      653401659150239 15
 44      722964027297929 15
 45      738909596503649 15
 46      817582718126459 15
 47      845654096765609 15
 48      857114904145499 15
 49      861066619743329 15
 50      945923951230829 15
 51      948948944616089 15
 52      960473778024749 15
 53      970012216006679 15
 54      970770915671699 15
 55      982622915501369 15
 56      988041411541469 15
 57      989630820236189 15
 58     1046239865398859 16
 59     1049115692341859 16
 60     1085294663957789 16
 61     1106650961757329 16
 62     1109513612069279 16
 63     1120123427121269 16
 64     1165037425232669 16
 65     1193146865324699 16
 66     1204283881524569 16
 67     1206867447743099 16
 68     1212761905894109 16
 69     1225391218503869 16
 70     1271821487307359 16
 71     1338810776624309 16
 72     1390058410803479 16
 73     1393869054629039 16
 74     1438332544549889 16
 75     1438936508908469 16
 76     1494986731512119 16
 77     1530199255776179 16
 78     1540699922233889 16
 79     1564819538761049 16
 80     1578173389401179 16
 81     1592054097210719 16
 82     1594111104660359 16
 83     1596284233938239 16
 84     1643673329740859 16
 85     1723150388822279 16
 86     1777160278261499 16
 87     1844394076626089 16
 88     1865410393074359 16
 89     1939896502328069 16
 90     1950662977517099 16
 91     1956203298450389 16
 92     1965894777445169 16
 93     1969547202253619 16
 94     1983306597051779 16
 95     2057287394001839 16
 96     2080543240643999 16
 97     2115894576446639 16
 98     2144657882410889 16
 99     2178025567755179 16
100     2179343223872099 16
------------------------------
Cunningham Chains of Length 12
------------------------------
  1         554688278429 12
  2       17287267757759 14
  3      175469208383039 15
  4      485385457835849 15
  5     1747547786731889 16
  6     1789807724819399 16
  7     1873031015324039 16
  8     2363480915049539 16
  9     2594074500191459 16
 10     3724344354467879 16
 11     4516330237376099 16
 12     5898886486289939 16
 13     6181576182411629 16
 14     6254182980499739 16
 15     7009895267433629 16
 16     8181864863026139 16
 17     8387632541432429 16
 18     8526504341419349 16
 19     9156861228329099 16
 20     9465713069416889 16
 21     9682457081501489 16
 22    12136506510178049 17
 23    13172710197276629 17
 24    13657536214852529 17
 25    15767876110833989 17
 26    15895575891392339 17
 27    15939593151051569 17
 28    16218220599631049 17
 29    16350156600204569 17
 30    16452056193843269 17
 31    18773153340658859 17
 32    19371595264241219 17
 33    23464781735229119 17
 34    24099714876537299 17
 35    26069043223461809 17
 36    26278700738857709 17
 37    27211021957406429 17
 38    27871290434361659 17
 39    31236933429470339 17
 40    32789341655408909 17
 41    33201723229693589 17
 42    36025982219026799 17
 43    36134951500726649 17
 44    36179289725997989 17
 45    36583342232245379 17
 46    36999367360604219 17
 47    41093022774580919 17
 48    41706789500955149 17
 49    42171441371463689 17
 50    44517745102360529 17
 51    45154042037688869 17
 52    46329763990700189 17
 53    46714566013405289 17
 54    47061202518728969 17
 55    47338878975818429 17
 56    48159264288165029 17
 57    48389128837026119 17
 58    50482471936130519 17
 59    50592140739280139 17
 60    51424018497101249 17
 61    52603380302006819 17
 62    53643531367684829 17
 63    55967682638271689 17
 64    56476921189967849 17
 65    58114707956375069 17
 66    60948077596014179 17
 67    61870307511200759 17
 68    62425604972247659 17
 69    64412159901387869 17
 70    64788637989122189 17
 71    65855653079244599 17
 72    66015656521128599 17
 73    66630142464269669 17
 74    66840652768834229 17
 75    67150499006254949 17
 76    69101684061610199 17
 77    74569660882353779 17
 78    74656456263928109 17
 79    75225697109032469 17
 80    75764640814897319 17
 81    76039507653037499 17
 82    76070617205462879 17
 83    76927832150743859 17
 84    78215732540834459 17
 85    79543440215188949 17
 86    81317287700267189 17
 87    82244921086575389 17
 88    86304516106753229 17
 89    87718185558852419 17
 90    90387290953734059 17
 91    91752238087296929 17
 92    91846771278542279 17
 93    92211920118124949 17
 94    94540936097545079 17
 95    97475642436726839 17
 96    98407346708419319 17
 97    99805673147504609 17
 98   104640870748642799 18
 99   105001480936170389 18
100   106694489073550949 18
------------------------------
Cunningham Chains of Length 13
------------------------------
  1     4090932431513069 16
  2    18499683680302109 17
  3    63758696531570039 17
  4    76231500851104169 17
  5    83455753965308009 17
  6    87014234613155849 17
  7    97541252462952869 17
  8   115815142491498449 18
  9   120368875013921819 18
 10   122497365852018299 18
 11   126039930734958239 18
 12   134095704185950649 18
 13   134111593097380469 18
 14   154000650614527859 18
 15   164236668731193629 18
 16   185643515864166359 18
 17   190810084461084659 18
 18   203130354846773639 18
 19   209216690359286609 18
 20   209966570483369699 18
 21   241103209583953859 18
 22   267035529365383349 18
 23   280721966937799529 18
 24   297899539646412989 18
 25   302080889339928269 18
 26   321447131666708189 18
 27   332056091942795219 18
 28   343449664504745369 18
 29   348905640782367239 18
 30   419533323048634079 18
 31   433659354639731219 18
 32   458615707953370109 18
 33   494245667227832519 18
 34   498254165202844049 18
 35   513162191632794989 18
 36   547861527237984959 18
 37   571892487593075219 18
 38   602234375544395879 18
 39   605566522888654469 18
 40   612606714874268399 18
 41   643099737376333379 18
 42   659911198121003399 18
 43   690935849836299209 18
 44   701622288127357739 18
 45   715064660780510039 18
 46   717853216101068189 18
 47   745968199059553469 18
 48   760505985162954029 18
 49   889723683027893999 18
 50   927793671631651109 18
 51   941148963019529549 18
 52   974239874874384689 18
 53  1036159130236650419 19
 54  1154961624242300159 19
 --  1401628125475762469 19
 --  1412389123637812319 19
 --  1503001025964897029 19
 --  1801598757899787989 19
 --  2115366896613270299 19
 --  2310940011787745909 19
------------------------------
Cunningham Chains of Length 14
------------------------------
  1    95405042230542329 17
  2   166028045971397609 18
  3  1092966255671664659 19
------------------------------
